"","GeneSymbol","Mix1","Mix2","Mix3","Mix4","Mix5"
"1",-1.70053638023888,-0.511330901622295,-0.455339425438102,-0.235202264991033,-0.581602666558699,0.50106480183949
"2",-1.66674911691037,-0.751911857048172,-0.654178490141105,-0.294225691177394,-0.358431158633769,0.701378427507155
"3",-1.61268949558476,-0.236920974516652,-0.312739218259502,0.472383747868971,-0.690123083791347,-0.678185781321674
"4",-1.59241713758766,-0.870290237135932,-0.869243381213407,-0.667576457149254,0.18418549066152,0.884282233191769
"5",-1.51132770559925,-0.151674646702965,-0.212757598506891,-0.565457532397942,-0.809953906436541,-1.06598398273002
"6",-1.50457025293354,-0.712559896629501,-0.57970904362139,-0.436402439087254,0.7556039025055,1.68779148322997
"7",-1.47078298960504,-0.502709852859642,-0.473467481690354,-0.674919277016621,-0.528298908408003,-0.534932441047817
"8",-1.40320846294803,-0.811841546138523,-0.682493889547182,-0.638865181458334,-0.108743957517815,0.393457677041385
"9",-1.39645101028233,-0.851652070729389,-0.851207415416025,-0.587764659506845,0.207606188645268,0.832821373319891
"10",-1.32211903095961,-0.754499786162444,-0.379905914868153,-0.306658890061771,-1.07595449917044,0.549559888764708
"11",-1.30860412562821,-0.888425536026403,-0.913630158899278,-0.746317435468148,-0.622360806761681,-0.0246446478986697
"12",-1.29508922029681,0.251363193579674,0.530223220039317,3.75671324667624,1.437369529807,2.96608263734503
"13",-1.28833176763111,0.252137988441623,0.0415639719451211,2.40425772738482,-0.603193902964849,0.752339760623642
"14",-1.2275146936398,0.37904097632043,0.83496054196239,-0.14498821069875,-0.0706028580198474,0.314140610194864
"15",-1.16669761964849,0.851056812556775,0.797501976032485,0.793933734294348,-0.467653094577737,-0.554705612817543
"16",-1.13966780898568,0.391364780499483,0.679365198348649,2.12986390240119,-0.777459689369181,-0.351380892576033
"17",-1.13291035631998,0.499761928491236,0.311013017612531,-0.44997909367591,-0.249804981090131,-0.956587770423401
"18",-1.11939545098858,-0.732924195896611,-0.717288479763251,-0.0533252460065137,-0.540928856506928,-0.179980107054194
"19",-1.10588054565717,1.47770022896014,0.987511708023223,-0.0943841042111589,1.48648361082879,-0.217791948357693
"20",-1.09912309299147,-0.110690825338248,0.389763515714734,-0.463951991043333,-0.401914373552986,-0.303680132627337
"21",-1.09236564032577,1.4964279872504,1.13680168994377,0.640709103467427,-0.228875373578536,-0.556690102415186
"22",-1.08560818766007,0.0667274300748799,-0.133539287323801,-0.521939282544978,-0.542259542111632,-0.934088557756409
"23",-1.07209328232867,-0.407714317486564,-0.3332279501261,-0.342300078457668,-0.91389198639731,-0.21647231151544
"24",-1.06533582966297,-0.596679293546227,-0.504271862723836,-0.612251408658685,-0.763826621242294,-0.229112883011202
"25",-1.03154856633446,0.724072015381348,0.308174734628956,-0.0589384280452928,0.626802295565958,-0.388247487002972
"26",-1.00451875567166,0.812415790718662,0.481038034953563,-0.945918695721467,0.753694349676282,-1.15204726615845
"27",-0.869369702357634,-0.85084857966332,-0.669388052162803,-0.915579470652694,1.20437262617821,1.66633796631747
"28",-0.835582439029128,-0.809076831339115,-0.740374204886397,-0.469396645003433,-0.508263582462591,0.081885922058249
"29",-0.801795175700622,-0.768921094561387,-0.60585707798883,-0.722086720464243,0.893778074400339,0.487056358074807
"30",-0.740978101709312,-0.282236214069347,-0.435876369239352,1.22291547159757,-0.488446995997111,0.0377953241060655
"31",-0.720705743712208,-0.472577902978273,-0.727942978433196,0.455148016034259,-0.984533958227224,-0.909976472243074
"32",-0.713948291046507,-0.651819259076489,-0.290428873197936,-0.137049048375244,-0.805265692113785,0.837456343258397
"33",-0.680161027718001,-0.651571475651134,-0.187784743903116,-0.108756700467863,-0.975130677121742,0.93915590307707
"34",-0.531497069072575,-0.832691964372746,-0.638306866450993,-0.565822447355011,-1.06368147847028,0.00382564518479183
"35",-0.504467258409771,-0.771306609387892,-0.625124314678665,-0.779118890669062,0.0762404558093012,0.477590326949207
"36",-0.450407637084161,1.42364266443417,1.12775331090256,-0.304924439043267,0.827262609185168,-0.902491195430671
"37",-0.416620373755655,0.229702515421501,-0.00617138730518661,-0.540910829849633,0.707348819237324,0.082029836794296
"38",-0.376075657761448,-0.839048703344547,-0.927232069652016,-0.907274388526105,1.36234781142721,1.99634567248065
"39",-0.369318205095747,-0.690203427702886,-0.26713600509818,0.678077227986434,-0.615253732317039,-0.0427300122163131
"40",-0.308501131104437,-0.759807492140206,-0.637066246410248,-0.417378750245467,1.64908882468475,2.51199126146174
"41",-0.21389679378462,-0.259937114260941,-0.196618248033152,2.57500786729505,-1.02915192729416,-0.419834017508567
"42",-0.159837172459011,-0.609444356613979,-0.641284642684913,-0.43597917175671,-0.163947237803478,0.0362891507537622
"43",-0.132807361796206,1.8828250829449,2.3794645005302,-0.85310006531717,1.48139126109714,-1.17615763734819
"44",-0.119292456464804,0.0031230495408431,-0.385147280868046,2.28401344596159,-0.844152862877436,-0.371005219667477
"45",-0.112535003799103,0.0900729643979461,0.598545631993129,2.30894458020383,-0.687911418109693,-0.296369165379943
"46",-0.105777551133401,-0.219845940057516,-0.522575342322952,0.877602118110096,-0.881488758226642,-0.726845491264087
"47",-0.0990200984677002,-0.134631289453228,-0.800108316159417,-0.0572999505251503,-0.749659688364001,-0.78971471703878
"48",-0.0787477404705967,-0.745048300836054,-0.523444622326512,-0.222231553040547,-0.0358991699495371,1.16042752422897
"49",-0.0179306664792861,-0.682607499597317,-0.652018299764594,-0.678560758628454,-0.739740301672823,-0.0887174769976118
"50",0.00909914418351856,-0.865241612778983,-0.76750252999848,-0.815686857006884,0.326605901641197,0.0301282962977542
"51",0.0564013128434268,-0.714538856136256,-0.412340120921226,-0.250914149469947,-0.639403999004074,0.921168211268256
"52",0.0834311235062315,1.02658697445784,1.71995028779075,-0.935162201780031,0.782562118318265,-1.22116821860621
"53",0.0969460288376338,3.19256196546621,3.74523103596499,-0.800709216709073,3.00152112051517,-1.15194282560467
"54",0.103703481503335,5.00931185069776,4.81423663265451,-0.696715693742058,4.83687138272377,-1.06246031056174
"55",0.110460934169036,2.34317852735266,3.39657569933524,-0.816816765949139,1.77523946153877,-1.21532161336341
"56",0.164520555494646,-0.802282906900995,-0.838566713121754,-0.748928223041253,0.146956724550445,0.183929837338227
"57",0.198307818823151,0.63254828373204,0.881518000369702,2.81684824041273,-0.474178455256518,0.00230235039261668
"58",0.218580176820255,0.274615542474073,0.539458912639581,-0.474889594546884,0.66741301048833,-0.126743960930932
"59",0.24560998748306,1.17520343887535,0.880489258821229,-0.176961932304837,0.106898340478718,-0.487971392689991
"60",0.259124892814462,0.444348620051788,0.306956024560744,-0.1646115059761,0.366423133941112,0.00705406904923982
"61",0.265882345480163,0.495244564123221,0.451841856657529,0.33374535365726,-0.485176083599379,-0.673470714018028
"62",0.333456872137175,0.195027510172766,-0.427196161926518,1.13173333067935,-0.711463670672137,-0.57444467191077
"63",0.374001588131382,-0.295945142001549,-0.595950503613869,0.266919778812725,-0.775396127431058,-0.857258019956109
"64",0.407788851459888,-0.80477465850966,-0.62958065588492,-0.48825350050186,-0.709331650635512,0.451313600621482
"65",0.414546304125589,-0.151225632708608,-0.21975883291822,-0.280984571690952,-0.65026339734563,-0.76872089105559
"66",0.42130375679129,0.536437869229193,0.359918345325913,0.212009753883672,-0.574803507983144,-0.857829757144156
"67",0.502393188779704,-0.395061491606471,-0.517723752225245,-0.752594035912667,0.011657526166477,-0.202391790790766
"68",0.509150641445405,-0.798572378466571,-0.67355384195619,-0.431348852070137,0.168217890485811,0.928697695695766
"69",0.522665546776808,2.61100716515167,2.10487397305284,1.39637020790788,1.8178671299864,0.228790067242737
"70",0.53618045210821,0.232507195003795,-0.0663401851509135,-0.482445129852942,0.155874673109682,-0.395120498716517
"71",0.65105714742513,-0.807675997847497,-0.616187024615835,-0.812873423030288,-0.675528824842459,-0.198318854915956
"72",0.664572052756532,-0.557716628083121,-0.754090346413861,0.59276677726028,0.248604168790001,2.39405475994381
"73",0.671329505422234,-0.787857050224024,-0.524645904281852,-0.0849353896180229,1.25627362340367,2.54038556861996
"74",0.684844410753636,1.53948413536303,0.72626765352844,-0.957226590728845,1.62476439995838,-1.14222753872195
"75",0.705116768750739,-0.6246233807696,-0.563066621371638,-0.222251445876209,-0.722238200362738,0.319220326884909
"76",0.745661484744947,-0.675376818957007,-0.241890584281125,0.404924648558535,1.97909429467825,4.34634003046697
"77",0.772691295407751,-0.15291168896251,-0.452125124244746,1.52165218981855,-0.852598315913889,-0.583967782532765
"78",0.874053085393269,0.658090283828935,0.228430902811807,-0.790513267365867,0.446871091117772,-1.14879333725649
"79",0.982172328044488,0.0608418677560197,-0.0133582460928144,-0.519582821181463,-0.427687386494091,-0.824282222150028
"80",1.00244468604159,-0.842118659695768,-0.832496844862872,-0.526751821889032,-0.930953900610747,-0.350566655974741
"81",1.0565043073672,0.245557502225862,0.187210140579911,3.61806800813287,-0.759731983421766,-0.0168300751501923
"82",1.0632617600329,-0.878428938809248,-0.80164612617554,-0.829747054901198,0.340655154271146,0.0742072763348758
"83",1.09029157069571,-0.507998666866209,-0.688968198581872,-0.0315353580312728,-0.920749131186587,-0.738013740014166
"84",1.10380647602711,0.331044963311049,-0.0642035365866232,-0.159507135209302,-0.275008235323406,-1.00270147682915
"85",1.11732138135851,-0.207743194250836,-0.401351226563172,-0.0219439728804238,-0.782691834829763,-0.917015110284455
"86",1.15110864468702,0.203115344561006,-0.00468002280359378,-0.741071454092498,0.060822082772245,-0.890618202805765
"87",1.21868317134403,-0.547711627621299,-0.40175089147423,-0.573246520513819,-0.497655217480076,-0.123427481816694
"88",1.26598534000394,-0.786173829541221,-0.661409115848874,-0.290146142560046,-0.254253869604613,0.0716825138228601
"89",1.27950024533534,-0.548426715702367,-0.32205661242282,-0.219063420499507,0.353220001309636,1.09045857025506
"90",1.29977260333244,1.70775952512363,1.61048541637267,0.72449733868172,2.22968807739076,1.17022879658875
"91",1.32680241399525,0.380612160924394,0.217113618418586,-0.755391454661322,0.189987288480778,-0.915359527045601
"92",1.35383222465805,-0.263259024692809,-0.23302698548915,-0.353668664106782,-0.74251125635958,-0.899416139574051
"93",1.38761948798656,-0.843255753718639,-0.847681836100964,-0.610501216885225,-0.865424577225333,-0.081000981707262
"94",1.45519401464357,-0.227916887789684,-0.403689754753623,-0.55857052123659,-0.682970607765536,-0.965766721921407
"95",1.59034306795759,-0.785862610597148,-0.610028477234046,-0.52559637475576,-0.563913487631444,0.537798881484065
"96",1.6444026892832,-0.733508707650603,-0.600136327681172,-0.660230020610925,1.23527364672994,0.840701999264153
"97",1.6511601419489,1.69341019727256,1.49473705627435,0.580357532078943,-0.0542161585326116,-0.512878853516721
"98",1.71197721594021,1.16814880401686,1.28402002711977,0.893095241372616,-0.3891549278249,-0.497084107273714
"99",1.71873466860592,-0.333435777101079,-0.558239831336934,1.41526150206067,-1.01002986262811,-0.48463266889632
"100",1.83361136392284,-0.83221233268744,-0.871929561647772,-0.757846443579705,0.508005265250018,0.95152462625845
"101",1.86739862725134,-0.292772736562602,-0.382937857221852,-0.231761150532369,-0.95520094014413,-1.03497413208824
