"","GeneSymbol","B.cells.naive","B.cells.memory","Plasma.cells","T.cells.CD8","T.cells.CD4.naive","T.cells.CD4.memory.resting","T.cells.CD4.memory.activated","T.cells.follicular.helper","T.cells.regulatory..Tregs.","T.cells.gamma.delta","NK.cells.resting","NK.cells.activated","Monocytes","Macrophages.M0","Macrophages.M1","Macrophages.M2","Dendritic.cells.resting","Dendritic.cells.activated","Mast.cells.resting","Mast.cells.activated","Eosinophils","Neutrophils"
"1",-1.33105026822449,-0.183622506141363,-0.31723183678412,-0.258925807054364,-0.0663285905991412,-0.481057016425788,-0.508980908223986,3.42137222854462,-0.452893978736647,-0.417994264488869,1.17848981765013,1.53169064626622,5.219141631803,0.299019959558544,0.107413869452799,1.1283836090674,0.538310974192243,0.288231277187323,0.39584584540305,-0.0916646891436313,5.59125274786141,1.12662147488457,-0.0307966109056374
"2",0.614330893026686,1.59905719800482,2.19894765140169,-0.286504471408097,1.94189307203692,2.89419059357301,2.80307052198315,1.3605453699661,1.90191353840031,3.79963109760667,0.0504603287704086,-0.397406843499446,1.9759069222458,-0.381540409481734,-0.301162189761513,-0.441434450668955,-0.413062195495192,-0.400536176260328,-0.455518947312015,-0.282138960693333,-0.317734694249721,0.0600746570062071,0.471117796312748
"3",0.102388482171114,5.04800609407014,6.23716595502049,4.70587540736195,0.0810464341679306,-0.424275301822813,-0.624121516419677,-0.441757704404496,-0.459648926623991,-0.450138875088128,-0.24947649951158,-0.52715322402736,-0.482834305333533,-0.382375249795951,-0.312089174726214,-0.42547222163757,-0.409920535818121,-0.444454492195159,-0.432805739273721,-0.307546662107133,-0.357984371883622,-0.187441012469584,-0.493299744422939
"4",1.56995672662375,-0.407007349087979,-0.275178088882652,-0.271534949671923,3.01759789189216,3.10482084327363,3.81178559987652,2.56721320077384,4.51406568236725,4.30892518860642,0.00856759346330945,-0.434165105790054,-0.426370136148041,-0.410082723928131,-0.273441315877015,-0.436761739354531,-0.418936761819065,-0.389197068225203,-0.426150408012234,-0.29524306703662,-0.353883061411654,-0.242400138868801,-0.372254856872234
"5",1.33105026822449,1.7529898580835,1.28262149925978,-0.249453371908702,1.27551189831491,1.9988859315205,1.39861979544479,0.413838544742574,0.510201464195142,0.743858281019835,1.69833282566638,0.498088556171991,-0.267070485594213,1.37638557045736,-0.306354020884704,-0.425709981447701,-0.372740058781116,-0.423376080194815,-0.450360923533148,-0.254603545825576,-0.336708588202535,0.268092688393737,1.96459165044057
"6",0.853237351425953,-0.492963122259178,-0.422405088833209,-0.274500951757343,-0.757887596786223,-0.492981126683865,-0.61043004760833,-0.444331772534969,-0.525197356850084,-0.431782434052536,-0.349732493739242,-0.497055772009353,-0.475898456818358,2.65599023541575,3.14341745922819,-0.355299416455788,3.20549836324772,3.60049384109258,0.164098453736577,-0.12873207477109,-0.111712774646278,4.38544846896074,2.5972472010066
"7",-1.02388482171114,-0.503275526561409,-0.460420863450125,-0.289006612033317,3.20428395119851,3.32834332627867,2.80307052198315,2.12434870969135,4.21340524463278,2.617942000887,1.99733626669361,-0.541061415466386,-0.464880392284293,-0.443049020306062,-0.312924824998768,-0.453475707684837,-0.460592901877761,-0.429125627208358,-0.45133652821599,-0.320073586586258,-0.383303415858329,-0.262870519529642,-0.469632952355232
"8",0.204776964342229,-0.0898757789131721,-0.0660612670787514,-0.184778511366188,0.330571466805211,-0.338543126518649,0.220075422930996,2.16107042057697,1.28714043555915,2.60340867927231,1.78359433164018,2.82311553148405,2.31789366378041,-0.381386795129936,-0.264052336582422,-0.427336356108856,-0.409239372710124,-0.377792202043377,-0.403655207188943,-0.257116300871177,-0.310682380589215,-0.362459951228404,-0.326214010039748
"9",-1.29692077416745,-0.520436565479904,-0.479606059343296,-0.296964652723175,2.38558958502272,-0.502223649017721,0.264562912696573,0.177162038911941,-0.524959367282072,-0.494955134438812,3.6391790582828,2.67402951841125,1.22426333708276,-0.437039604694401,-0.307172132288658,1.79226255416712,-0.384390656501945,-0.446240037345058,0.84986895500389,-0.318941753961669,-0.27390017893692,-0.38189405958867,-0.490884972999907
"10",0.7167193751978,-0.454920673296222,-0.412837393217879,-0.252048471891615,-0.695814447319635,-0.457974969740224,-0.522454730371094,-0.375566834725321,-0.435800591519968,-0.438925029660948,-0.642621753449268,-0.458283419163036,-0.458964750378034,-0.377966067467528,8.31243780924076,-0.0930660933957248,4.77029892714614,0.69561386235395,0.11350350697171,-0.079544963050957,1.75480817738333,-0.301360583024602,0.646635468134742
"11",1.60408622068079,-0.406322913503213,-0.292105106420054,-0.229144838982657,1.69152222651072,2.68952224745442,2.2791906581036,0.676509879133978,3.63586244010384,4.39269004860587,0.499546506435567,0.267005457058246,-0.0876009491181716,-0.443109685510974,-0.316802807946582,-0.427134043274918,-0.422615030373076,-0.398867616762064,-0.448649294330906,-0.304642048303279,-0.377441309629902,-0.321473254318189,-0.482276588150772
"12",1.02388482171114,-0.483021801709023,-0.446675396367041,-0.271865941536278,1.48659250318534,-0.330995636144033,-0.0257557204616963,-0.0178925804366705,-0.302831355720541,-0.129841056814741,2.80740490486289,4.36334445375874,3.4890474950434,-0.426904040044161,-0.309727947797759,-0.449591190958835,-0.457099729516938,-0.443112428232634,-0.457180423779377,-0.256197454072557,-0.337299840287761,-0.389610811836149,-0.438618342790942
"13",0.273035952456305,-0.467480790448346,-0.398042693020531,-0.283835501175949,3.42494369858902,4.5238937123205,4.54303333752877,0.217136733237269,0.228207255553686,-0.41157469678536,-0.235978374525986,-0.369125152938327,-0.450519679559039,-0.421683071471257,0.797481636797627,-0.168379043288338,-0.437153346950533,0.318887629301543,1.11368273678613,-0.320954760844038,-0.33044882389058,-0.368021407962517,-0.380806248300169
"14",-1.22866178605337,-0.438409018675622,-0.408055386710428,-0.249320774021844,1.48671202275373,1.52999402773679,2.10714460753231,2.26662515076027,2.99083065318452,2.24728113595364,0.627272508014721,0.593931613331189,-0.0457600245723483,-0.406684567205646,-0.296147636907546,-0.44192548929661,-0.404375014970405,-0.399418022128232,-0.448393441989094,-0.259069646588527,-0.362098799649705,-0.306215536495034,-0.410767993471736
"15",-0.204776964342229,-0.503474416815249,-0.484040867614878,-0.292524459332216,-0.199998529523484,-0.529308339343068,-0.618808541745336,7.16151059763301,-0.526397836723997,-0.524062959001895,0.654958543202901,2.30274051317889,2.9119572271762,-0.447484333069235,-0.299041714702128,-0.435697288936679,-0.429027157488118,-0.456681395460991,-0.461619136489121,-0.130632322223247,0.56164968594951,-0.399574022802801,-0.487096872864096
"16",-1.19453229199633,-0.519595647283794,-0.487298859840747,-0.292135492465077,0.747480091100195,1.27920960278436,0.887275048322168,0.283559225301483,0.790326670153144,1.87951369481198,1.36566396678701,2.45843001732919,1.71830586852017,-0.454200983239034,-0.324104554045526,-0.453352998193753,-0.438352221573953,-0.451937575056431,-0.471761954723011,-0.301744119581837,-0.367710836658913,-0.343704012625811,-0.50416816012172
"17",0.0682589881140762,3.98052851709939,2.67372055352161,3.98606845223911,-0.675132457013261,-0.539302814722002,-0.590741188724197,-0.374837637223235,-0.0106367994232966,-0.390070647491548,-0.66839601364222,-0.55782220817636,-0.480887890354289,-0.430892901620614,-0.322289727479673,-0.452586882130134,-0.456025226747534,-0.451667938974583,-0.469971740354763,-0.313959747160426,-0.378493491598768,-0.253491073521443,-0.497250016331162
"18",-1.26279128011041,0.25739456128131,-0.0675025826460302,-0.27330346901904,0.627429390726615,1.73439959343575,0.13559140551111,0.536649405305952,-0.0753528163383398,1.03518030700285,-0.607916284188209,-0.461270405649624,-0.429837936613446,-0.421192796306215,-0.256586510311667,1.85958892491798,-0.424964145086614,-0.361864611471251,2.4248588552592,-0.314663503792904,-0.371796872006858,-0.298261637531781,-0.447021649061712
"19",-1.09214380982522,2.19313131490273,2.08591236101246,-0.191147887824207,0.46109500664842,0.228258512382816,0.592010119546445,-0.164781288737566,0.362946535371198,0.661103807667948,-0.303509181673812,-0.192894456939079,-0.265027593800875,0.681831717084557,-0.00687613897668904,-0.411591500758274,0.282351053804982,-0.318978829762677,-0.458121499944452,-0.164780586691233,-0.198702678501941,0.00502322125253087,0.0639638304099268
"20",1.53582723256672,-0.298328379129012,-0.322299914880361,-0.280321578356475,-0.671180134781733,-0.540231340224914,-0.554124288497242,-0.414187371694394,-0.421575904136559,-0.530229148432736,-0.66004215355083,-0.500493593603275,-0.454909594579857,-0.325086551919882,-0.249950313862941,-0.407737119889125,-0.34773838436119,-0.322691583836378,-0.397385302925432,5.412767435052,4.59301566076977,-0.233153903865392,-0.328331110211457
"21",-0.238906458399267,-0.482406186413321,-0.450893675459795,-0.288530285630856,0.966757989308397,-0.436818958990627,0.519561778281534,-0.0576242240931258,-0.509631561911429,-0.458446767888595,2.52136739253026,1.99682739442651,2.78637235520259,-0.429623052514123,-0.308249827190311,-0.442311908285634,-0.44276075298272,-0.43383370514612,-0.45212282794317,-0.318130046461895,-0.373991389749893,-0.417955395324045,-0.454480467858521
"22",0.341294940570381,-0.428241683917552,-0.408016726330707,-0.274771415384087,1.0137610782508,1.93996648474236,1.57045688235755,0.908160883252281,1.72136882691585,1.24264299421475,0.602066681012202,-0.0099883845786451,0.084115649995524,-0.431640190035225,-0.303890483739262,-0.444910783702684,-0.441729926531227,-0.430627853531267,-0.444472485269438,-0.047565054818793,-0.202276400638824,-0.296640904887542,-0.446242313254852
"23",0.136517976228152,0.836334925242274,1.49633332554889,5.57319844945615,-0.715010542378283,-0.546826567548627,-0.623790890430945,-0.431852637982938,-0.529856567762037,-0.400527583853394,-0.71177700526402,-0.582209092077742,-0.491473778696363,-0.445371110535222,-0.319220593995613,-0.435903007388744,-0.431871101669499,-0.40984645601278,-0.449347108835898,-0.320786709825642,-0.376055699461906,-0.434875354936412,-0.499905078735332
"24",-0.511942410855572,1.77132598984331,1.36270703927533,-0.266289577906625,0.807034491570995,1.74803081670603,0.834561917921058,-0.0675583086860635,1.31270776010548,0.623630711694239,-0.293568180030629,-0.106137865995833,-0.430428774239351,-0.433222602795211,-0.259510629091048,-0.449783020657593,-0.414208779106318,-0.414133689058322,-0.468374606936867,-0.316330437126087,-0.377900997508897,-0.336649575444658,-0.382185861436855
"25",0.750848869254839,-0.518398580274171,-0.437781391051614,-0.300433305971098,-0.761072976508871,-0.549113331283139,-0.633173377927095,-0.463762984902791,-0.539099707418792,-0.527873457935157,-0.227205714281168,-0.438955820270471,-0.456439971430749,2.44434609823778,0.249728378497469,0.0788097778635927,0.132144366475055,1.19588230732282,-0.0428875528305599,0.12165124635624,-0.169196312549184,0.304958646014935,3.56762681003763
"26",1.29692077416745,-0.484020602792037,-0.40085932504845,-0.222308013152228,-0.555426226810867,-0.393038305850515,-0.160319477262945,0.527719917896469,-0.39736387914278,-0.0477796877324399,-0.360975896160514,-0.348831761628127,-0.0781998119181394,-0.104458888189131,-0.18613322245751,0.222068888806509,0.536678305996632,0.287643597968517,1.05398311634094,0.993933501314298,0.3519947116918,2.29150793626929,-0.216146041139767
"27",-0.341294940570381,-0.522601162151491,-0.496020519945984,-0.298482526213206,0.256582490238359,-0.516418489076135,-0.292537414505465,-0.384269057802088,-0.539311039617866,-0.531326064490598,1.15368394427233,3.52984780637229,2.9119572271762,-0.458093712934768,-0.325735825776136,-0.454223591956678,-0.459467632200288,-0.459712748985705,-0.474014464683217,-0.323126567155034,-0.382430331891133,-0.448292528330561,-0.493613467028317
"28",0.511942410855572,-0.455229238864933,-0.426418863632114,-0.295527385283363,1.64728101634028,1.77595114428169,1.59379154440321,0.938557056023686,1.86516482287841,1.1336004877315,0.262243047796725,0.0936555286240206,-0.0882522170251674,-0.44264854128045,-0.315111532030551,-0.453478140618881,-0.457194036803547,-0.451896449238602,-0.466632365922708,-0.321511849374147,-0.382011315655597,-0.39517920622655,-0.481218479945248
"29",0.375424434627419,-0.499921967604876,-0.445519754336385,-0.295724289280409,1.66231887958031,-0.468912083138532,2.23522495655808,-0.291448474330379,0.582980611887239,-0.224842526723114,2.16645702122122,1.86376185311013,0.318376113887845,-0.440238887917939,-0.323492888566102,-0.452490599036298,-0.460180176087115,-0.433284585275335,-0.470840019165971,-0.320761220213569,-0.373337254560637,-0.387669249185578,-0.456694231967681
"30",-0.7167193751978,-0.518355825207005,-0.494503193339367,-0.299199701113042,0.657114505698483,-0.500048887402666,-0.214741970518318,-0.206160087529214,-0.461543053393526,-0.209157914116954,2.04492245745279,1.59071655215021,0.99444275030163,-0.4469880278869,-0.272855407341085,-0.43202796651837,-0.371033272161106,0.0759693812131082,0.350226205340006,0.14910524683689,0.0351751084134784,-0.305903136542339,-0.0908339908590697
"31",-0.750848869254839,-0.363090446106898,-0.353728595057738,-0.241916086156574,-0.734295369127366,-0.544955569811208,-0.566012961730591,-0.386598586332544,-0.505247321986365,-0.501273756144665,-0.658017189585513,-0.501834325674356,-0.455440244133474,-0.428834900719953,-0.2984838945469,-0.423907751722675,-0.398396499306112,-0.419528356385467,-0.447893205341386,5.58484315863216,3.39082830386968,-0.19154400203667,-0.420564986042373
"32",-0.887366845482991,1.16730904812328,0.622306222197537,-0.283142895430603,0.274789786175549,0.592157876170642,0.936094065466319,-0.0930749687901926,0.986001752448926,-0.403579590024212,0.324547418903722,-0.251420208364307,0.302951568652038,-0.446370930953241,-0.322390889305468,-0.449072895796088,-0.455292324128591,-0.453530888699016,-0.464215285544247,-0.236541852753928,-0.134450198625512,1.07710379748519,-0.436133815285076
"33",0,-0.474999362924088,-0.429682445653103,-0.25375004566649,-0.708413277359326,-0.501549025295051,-0.564406425350863,-0.395271978064539,-0.481794135435928,-0.514729521108821,-0.678102188279754,-0.462267670753182,-0.402051620879336,-0.394719728570721,-0.254211578493689,3.07428682927725,-0.435307953581104,-0.419866048077735,3.71362134047386,-0.285142077494127,-0.357658014447589,-0.119829972375586,-0.41969612133122
"34",-1.53582723256672,-0.501343770480479,-0.429333616509979,-0.290649387240793,-0.616175421759564,-0.433707903936479,-0.419247214144501,-0.0463229524856958,-0.366887624815938,-0.494939839009671,-0.621356642186647,-0.486348593520813,-0.423355750149777,0.111198828946366,0.904475567917789,0.481909516810312,-0.401894356744886,-0.418399477951247,0.654737288584582,-0.146921763449477,0.17108823726852,2.73634022162952,1.07309732418409
"35",-0.273035952456305,1.12650964468544,1.81376217304216,3.84629374160124,-0.631018259965275,-0.398684991092215,-0.592365784307859,-0.462183559861162,-0.429948491439493,-0.470828214485771,-0.716602085393006,-0.529557549142418,-0.486237888628529,-0.452107896223172,-0.327993900305731,-0.45499625074151,-0.37289952950845,-0.464574990947238,-0.476431107898942,-0.317780650682663,-0.381665642884662,-0.36477336163851,-0.464797125356251
"36",0.307165446513343,1.42566384378181,1.25667638978386,-0.271194065707575,-0.678280344439914,-0.478764052091454,-0.622675694241496,-0.29600605406788,-0.389031969615026,-0.488601657427003,-0.493331823480118,-0.28092348544208,-0.119578442094258,0.161313711103547,0.0987850802099188,1.1594408437083,0.652171344492299,0.135048625198086,0.0927917892018708,-0.252568406127986,-0.250416731614734,-0.329059787984215,-0.464200326196784
"37",-1.70647470285191,-0.400158628595078,-0.0683585393119099,-0.147570940840935,-0.690452471435604,-0.357825905655238,-0.475953395391826,-0.379015965578864,-0.363545095510612,-0.299522030619304,-0.607193449567724,-0.524037461809235,-0.465552515983327,-0.332883302650898,2.69828853436002,-0.315224269706357,1.97429733770382,4.57671521144211,0.336024324004652,-0.273518831692125,-0.330845950856983,-0.247099291278063,-0.45948964000017
"38",0.887366845482991,-0.523015906601133,-0.496951635531886,-0.300062696905861,1.61321821023049,-0.523800098658984,-0.441056903319214,-0.136318249346704,-0.540587310336662,-0.532778157194879,1.58429676038418,2.04427458488864,1.63994383035358,-0.454358306840154,-0.328319410853552,-0.427970513011511,-0.462405162653868,-0.466065174336103,-0.477054378918595,-0.238850705961254,-0.288628843511231,-0.448355522549029,-0.512572936629648
"39",-0.648460387083724,-0.368260383545317,-0.411160205033546,-0.26736521644491,-0.731660990149089,-0.520169090902523,-0.591876028236876,-0.281438498820766,-0.510339880298188,-0.473718729210158,-0.6084325667593,-0.550478680544738,-0.278782888873236,-0.335931466696865,-0.293200026165926,3.71458271752182,-0.375575558729031,-0.408136956088781,1.82866886134198,-0.305016979820585,-0.332446294919043,-0.374124852781028,-0.42700227960617
"40",-0.375424434627419,-0.450330320936978,-0.413024815246721,-0.253974917900832,-0.717017779306015,-0.509379611764704,-0.566869317983505,-0.40933555902816,-0.480104917350319,-0.48219047855163,-0.511701932060337,-0.513354961723584,-0.4561394277301,2.02605183581255,-0.133934094899735,-0.349983711401503,-0.333981624448988,-0.365316267336806,-0.432996026768236,-0.19045964259812,-0.264276389229044,0.462573525267834,4.47933868169801
"41",-0.102388482171114,-0.46833125363683,-0.39029542137859,-0.283220662588486,-0.745694114768758,-0.523605952586484,-0.612680860632235,-0.436926485962289,-0.531491882706339,-0.518745098389184,-0.551577827414786,-0.514407366818895,-0.473646881469197,1.40820022555092,0.464155762948603,0.629709878142257,1.07269767977425,1.12689987545423,0.291628704860742,-0.199806850078626,-0.244330979176408,0.44363968380456,0.829715325003367
"42",-0.614330893026686,-0.401863974655631,-0.401681338042369,-0.264328019265446,-0.740337526100679,-0.53136375698174,-0.592297417307225,-0.375225496069361,-0.506405110840905,-0.497877680702201,-0.669576188237474,-0.553163644501402,-0.413987565243632,-0.395833138481506,-0.29202416626071,4.7377126193805,-0.400783854411187,-0.402202542054312,0.117400913948645,-0.302770568513283,-0.368665647915916,-0.407527477427996,-0.442162092389804
"43",1.63821571473783,-0.506362093006945,-0.48118352480105,-0.28726695387567,0.0581325718229017,-0.478160046625412,-0.411953232810778,-0.296244589016595,-0.449424700744663,-0.506451258983183,3.38774500935527,1.45492831632488,1.17101754687543,-0.447662410577901,-0.322729774603312,-0.453968587279338,-0.456744608341252,-0.450856388275035,-0.472183046140216,-0.276893488337209,-0.350187481313488,-0.414282540952205,-0.485689120374589
"44",0.238906458399267,1.73396626808151,-0.0798333474572161,-0.261211881031441,-0.530592886328315,0.00128621819438465,-0.306728531397189,-0.16520495817599,-0.438376704103265,0.232124823360988,-0.511327318275619,-0.427424538915861,-0.264244398250305,-0.160355421783932,-0.0954631278109747,-0.0557693758384276,-0.194032159230826,-0.0687787777595271,0.013638777790463,0.32074041642312,0.401360691749844,-0.185240134884044,-0.00748178066763178
"45",-0.409553928684457,-0.491516255603103,-0.478565857620104,-0.286051809840765,-0.739165770684047,-0.513903405012209,-0.607412275936611,-0.443325790966172,-0.513186299005822,-0.507041901493204,0.443891011854452,-0.500491098451026,-0.482805446076131,7.10569275918979,-0.0185085999772172,-0.416018285845948,-0.275022693000954,-0.423461590984665,-0.453701726791228,-0.227536538016017,-0.290375134412327,-0.413679509087415,0.455238787510625
"46",0.443683422741495,-0.514751330965862,-0.488862411196529,-0.283515629758888,-0.737864257028392,-0.520057836405216,-0.589777454751963,-0.337311187817188,-0.500873809292939,-0.471877956969801,-0.689842958456732,-0.548639990100138,-0.439198658797753,-0.453315018789513,-0.2591202511336,1.82614660911837,-0.428352063508199,-0.0978295660311062,4.28913141752665,-0.311468036685025,-0.363541221554848,-0.324105852267296,-0.45700004511567
"47",-1.1604027979393,-0.444689353356261,0.422250942296779,0.706542276105221,0.746868550695276,0.499909766596146,0.563559256017644,-0.0742959791095701,0.892956202000894,1.1938691305035,-0.197271472206192,-0.551356913213948,-0.48199431407327,-0.428514201147221,-0.309253313361356,-0.438612786545306,-0.420910167803751,-0.422207011908664,-0.455533953447177,-0.302696137072143,-0.370405860646269,-0.34145033565125,-0.46076118668514
"48",-0.0341294940570381,-0.48264564489048,-0.449255620009531,-0.283855518724086,-0.751978476649409,-0.528586238763542,-0.583523185025557,-0.433109625134022,-0.52823981330925,-0.482877327742353,-0.692862350472076,-0.554914083739973,-0.478908873961535,-0.453825443512982,-0.27620514825679,-0.4482918262428,-0.420195216420831,-0.39656013826524,-0.452852579400546,4.21995719095425,2.61530773662591,-0.39246311474022,-0.475389764246939
"49",1.05801431576818,-0.504174445166786,-0.471351686450444,-0.279526678604932,-0.740113488417608,-0.52367256044582,-0.595848933670051,-0.407873703520797,-0.533617238039664,-0.520372992535288,-0.716265277696258,-0.575137565018706,-0.488547695075996,-0.433421907176765,-0.306475012904854,-0.417505665516786,-0.380268677107959,-0.436685288064274,-0.460056587434594,3.65574804547923,3.14587442041337,-0.408646635525689,-0.50420160884223
"50",-0.477812916798534,0.443735733557229,0.673670193339859,-0.268551872264918,0.158058926917239,0.607099098484882,0.168406730564226,-0.376240719500212,-0.375293690222653,-0.311434921056025,-0.177073518873225,-0.28824032059591,-0.398394108750051,0.153733761205482,-0.308815185904532,-0.43119819250417,-0.436742046398826,-0.418174821797957,-0.452615176601174,-0.289410696768448,-0.356646888263753,0.208811701087629,0.989787989157521
"51",-0.819107857368915,-0.459419532317811,-0.440513272480567,-0.279424846963113,-0.749860091730603,-0.545906498572108,-0.604109545696453,-0.401230187803964,-0.519373854581959,-0.527814453560595,-0.642845621003073,-0.492034563908074,-0.465750721390422,-0.441173624418473,-0.314042854865436,-0.426704809526053,-0.409418071996251,-0.43181985591924,-0.457524770610495,0.490276111149174,0.138515301766145,5.95127115209398,0.317013108758346
"52",-0.170647470285191,-0.520069363161853,-0.491692606950557,-0.295467542567294,1.58977641282872,-0.499768234917111,-0.455063501632746,-0.153912352933812,-0.535881622855509,-0.517697488342305,1.66243632925462,1.66156073555237,0.589078871977189,-0.45378778194405,-0.323906280232815,-0.454825609727987,-0.459742727412831,-0.461395499897028,-0.473015103178431,-0.324838399752829,-0.382220335695771,-0.441564789967708,-0.507416441069003
"53",-1.36517976228152,-0.514999861144618,-0.49227873227995,-0.298401029629015,-0.768476101690409,-0.541255149570323,-0.627696283001443,-0.455551359537937,-0.536376992820131,-0.398422723176573,-0.714785937416864,-0.583446484847724,-0.489391747486545,-0.454748759134119,0.248528333045369,-0.394923892911182,-0.183301854628056,1.0365875310742,5.83923441245105,-0.323471031195887,-0.366270732683255,-0.431448051750374,-0.504152093118753
"54",0.477812916798534,-0.492159521337815,-0.469606072504141,-0.285847278938486,0.116289637916382,0.923151135709236,0.304160449494744,0.0374570019048899,1.58910376219124,0.256525495544978,-0.0944499984905326,-0.262527349322631,-0.31530578700491,-0.402309545802137,-0.195453727665708,-0.435228334345412,-0.406369165094745,-0.392976809569501,-0.433742026011462,0.452904680263064,0.0334614000867711,-0.356561952189826,-0.477102018407318
"55",-1.67234520879487,-0.519512257846781,-0.494728725473151,-0.298110124388901,-0.569799548253981,-0.364599370027236,-0.625607808846855,-0.451613591036955,-0.537697928051869,-0.530085758241791,-0.471718865827573,-0.568529514471474,-0.497292817376124,1.73525075681557,0.0791715185516982,-0.242027341440618,3.24460148355913,0.73101411456783,-0.472897211606313,0.0583379982351492,-0.102655504967164,-0.44187908325921,0.616079075249105
"56",1.12627330388226,0.319313818133091,0.399504547924985,-0.176946861705246,0.435251642711014,-0.0604633704805507,0.683765544674538,0.0532953626477934,0.859212060683778,0.309411898617868,-0.330925623393623,0.0932354346788845,-0.0151348601116206,-0.454076104977044,-0.323577882768722,-0.454485299703412,-0.454749321635093,-0.457071613570493,-0.467840583973506,-0.319767683087528,-0.382753792355877,-0.369580580196738,-0.507574349269824
"57",0.784978363311877,3.18565143161884,3.39245848860942,-0.246782055569399,-0.680056831037868,-0.537926035723822,-0.572438676509661,-0.42176112010297,-0.514269809775424,-0.469729870141662,-0.604637764774253,-0.551950984383496,-0.474642642628541,-0.430489008374379,-0.322318366882486,-0.444341735059174,-0.443990338112377,-0.444316110709323,-0.453451347579681,-0.311813990152348,-0.376727167832058,-0.284680047091026,-0.465358217824476
"58",-1.63821571473783,-0.261166896740845,-0.246467244283379,-0.0222114009570334,-0.197191663721196,-0.463949366607022,0.034547672796051,0.0697657439674783,-0.445458831223443,-0.294361753642224,0.517077417956706,0.606586200634321,0.80578669263003,-0.243275157077486,-0.267554536106222,-0.318623262193762,-0.381978617245347,-0.393639918499904,-0.193978592914465,-0.197509597224939,-0.330201063586535,-0.380481846415553,-0.431071841253179
"59",0.648460387083724,0.900839715864015,1.22948496577004,-0.189395370002371,-0.669268744364515,-0.447764388344514,-0.578825777579147,-0.403952510014658,-0.490087261733039,-0.443279889644709,-0.358093191590983,-0.542528864358652,-0.467785204935509,0.862148528618752,0.0772879158741358,-0.290661451608845,1.57867398368313,0.260883219408412,-0.355695097340006,-0.26642789892043,-0.348140584698553,-0.296695641469208,-0.389999523128905
"60",-1.05801431576818,-0.403775723426946,-0.352308600520074,1.36008139101537,-0.686977766291173,-0.474443413985371,-0.576892142263615,-0.294248285911411,-0.254607639710802,-0.364609401190425,-0.668868014531111,-0.320121278023132,-0.373324532639604,-0.40278740662385,-0.309253481216563,1.14495719667321,-0.259204440902956,-0.443874054816718,0.209829006688216,-0.15830819112835,-0.154352750279498,-0.382311201505488,-0.442625591380256
"61",0.819107857368915,-0.298190237810683,-0.362072755420225,-0.256383479217895,-0.713979269492201,-0.507849287027957,-0.57372396059627,-0.403614815510761,-0.504978967437696,-0.424989664758577,-0.228921007969675,-0.546390951808623,-0.472522283923868,1.77566506084032,-0.269831274814215,-0.403248712530604,4.70037555428224,0.898142418326784,-0.444215629078487,-0.181350931686199,-0.300675687161865,-0.355831639057834,-0.309635057301454
"62",0.580201398969648,-0.518299916203499,-0.494590147838531,-0.295645500032398,-0.631283073301558,-0.482688012364263,-0.540507598794447,-0.419804691168665,-0.533225490278353,-0.519685235732826,-0.401525935153535,-0.461177125587048,-0.45790848448751,1.05444695567504,0.156884467969409,-0.157683973516487,0.265828940794107,0.878956529917568,-0.285171438378845,-0.0725393894876832,-0.107840508333002,0.553179380407277,1.28314968923374
"63",-0.955625833597067,-0.496048019451047,-0.472901339428617,-0.253002354390025,-0.729525918725444,0.0975077433225428,0.426747699530242,0.133890853937357,0.554147505023095,0.832962605932064,-0.628767281147873,-0.573196425554715,-0.489538032997981,0.386141146981523,-0.206855430241049,-0.246948248949251,2.76382246715693,0.0213480687089086,-0.335283641463844,-0.283893168508048,-0.336866344584071,-0.414814835733525,-0.449117066402796
"64",-1.39930925633856,-0.5083430829968,-0.468137924965511,-0.265739667791159,-0.753664047749996,-0.541920532277675,-0.61823257821851,-0.434155284496514,-0.530180591655138,-0.528690204669564,-0.715207171121019,-0.567736779309381,-0.479184857225484,-0.433811469586864,-0.304035930498621,3.885345968989,-0.420706330691771,-0.405535497135939,0.143947227689915,-0.320643826569909,-0.382298360224507,-0.417422961999929,-0.493793522197609
"65",1.50169773850968,-0.469490827177209,-0.441385732624856,-0.281767966283226,-0.75264925118825,-0.541961070268342,-0.608692110819148,-0.437855702747232,-0.526503392639589,-0.50465728422366,-0.686305706308712,-0.565115373355807,-0.479279084850833,-0.403870079629078,-0.252377212603656,2.10284903968631,-0.360553946994924,-0.378130941802312,1.32328271943944,-0.275658322817372,0.0010300645297895,-0.40527506343816,0.110282895208539
"66",0.0341294940570381,1.69337337494896,0.0632967804247513,2.60147677218329,-0.757886258969635,-0.518877064635038,-0.628193636191671,-0.457970786358226,-0.508417849621045,-0.530333727474313,-0.713853107053775,-0.582374270420412,-0.497510634931241,-0.450351511371811,-0.319495193700736,-0.443910031869349,-0.430506907277504,-0.439258565233123,-0.466831834994292,-0.321782190292947,-0.38045725881629,-0.392225402783311,-0.500660108723002
"67",-0.989755327654105,-0.271481120631629,-0.330743459073998,-0.141655644436127,0.824502812044287,0.372996873641275,1.18835605194197,0.524728535120312,0.209944556278205,0.777841651574522,-0.320495698513851,-0.501157107158653,-0.450447174865847,-0.40594214546923,-0.287611693342663,-0.433931536888969,-0.40848874519715,-0.396558692069708,-0.422013262249037,-0.298413654161926,-0.363619989383726,-0.351709947464569,-0.368803392568598
"68",0.170647470285191,-0.420211837767545,-0.418000002368998,-0.273870530689735,-0.735256472849151,-0.515887046033001,-0.563778746169774,-0.395729860475102,-0.491145578290136,-0.466905868071691,-0.63959132613338,-0.541217793140711,-0.465212657230669,-0.143854954355087,-0.0468272766997201,-0.366892591760605,-0.371268787376161,-0.30839404511542,0.0894533148680764,0.357519757269616,2.61989910075457,-0.180360836385545,0.0449544252870618
"69",0.955625833597067,-0.0193846789846353,-0.247167008057846,-0.20127208803181,0.674807028289854,0.772533430634923,0.610909410490854,-0.305124913852325,0.0394465319053981,0.656690602260512,-0.415999771197235,-0.36084905534976,-0.453313074516098,-0.298640287450166,-0.274100064248097,-0.429005569833115,0.0568098210951529,-0.360204832737773,-0.425374007279803,-0.212085339139339,-0.333067248719816,-0.266451918304675,-0.416400521168293
"70",-0.136517976228152,-0.486697407961585,-0.437313432623569,-0.287301521274637,1.66124587992172,-0.181218206800571,0.430742086720839,-0.400141411332969,-0.512369478677291,-0.524508391062315,2.91331277666099,-0.21623169798721,-0.466375315720735,-0.446108159569445,-0.31398283138542,-0.442663465030706,-0.456616662417814,-0.43888295596445,-0.461657207176315,-0.320612704180334,-0.372659994262174,-0.417796892281263,-0.43888168610654
"71",-1.46756824445264,-0.497557383243398,-0.477503362321448,-0.268786902889221,-0.714844215965806,-0.525351873911584,-0.578885546820064,-0.427449981856723,-0.514744931911241,-0.408068537367096,-0.567494081851567,-0.445892837072365,-0.431199671954115,-0.123488906428611,-0.15196969095472,0.109678848691529,0.415459736787891,-0.147107233551391,-0.425468816124911,0.630324207083402,0.437306835931124,1.81689893228961,-0.380196923254227
"72",-0.443683422741495,-0.435279983091523,-0.456515422633126,-0.284519465088689,-0.725863949470044,-0.535523101474555,-0.597382630948475,-0.428348555990438,-0.526377800624211,-0.48680717364333,-0.618096495681094,-0.494903712449302,-0.446402639683524,-0.360944945350041,-0.272536838294951,-0.436392936949926,-0.414765027567607,-0.409996948796906,-0.452857689970199,-0.267880624921604,-0.364631235544154,-0.376934440993988,4.46170185003189
"73",1.36517976228152,0.59800009596612,0.752205732423937,0.696762919103714,-0.438123151134647,-0.422910636012897,-0.51827810477749,-0.409058957467724,0.694715117165513,-0.303652998083903,-0.630218125234974,-0.501925923035538,-0.464227961125865,-0.324786846752866,-0.296982400112501,-0.417864084425589,-0.428958238348506,-0.429630899663191,-0.431817156341611,-0.316116688485141,-0.330234608155357,0.116616248445158,-0.442434499590737
"74",1.1604027979393,-0.345015404206026,-0.241675630706614,-0.259550459232546,0.324683104135173,0.102703384197951,-0.124048492198927,-0.181083797450147,0.444747162313721,0.0771661182720213,0.215669934318269,0.269381254659582,0.0905289392980182,-0.437791345017394,-0.314179276099411,-0.454175903421518,-0.428279196370055,-0.446944719427248,-0.458656012721854,-0.310241250016829,-0.38262395415515,-0.414644506569799,-0.450364106605874
"75",-1.4334387503956,-0.505497679171844,-0.484806522654285,-0.297643327201406,-0.755412282379028,-0.541321152482268,-0.628642436333939,-0.457069185046528,-0.535615964300899,-0.526874354461975,-0.623543488137259,-0.525105888299886,-0.475586556813364,0.613115973976066,0.777888680967587,-0.421890804028579,0.149092113283988,-0.0314867183237574,-0.296733422075088,-0.216372769552757,-0.25752737941961,0.182983807617673,1.75904118926468
"76",-0.307165446513343,-0.420329054422673,-0.39008921236516,-0.278802410865814,-0.35537393967634,-0.402654202812532,-0.206190097208532,-0.170061655909158,-0.479082719244864,-0.386451920936692,-0.146329276873976,-0.183842292395173,-0.186792778337729,-0.0889996363663963,-0.17363101143797,-0.421765246275091,-0.147089634605628,-0.246209261044307,-0.446738775892787,0.0269532995623865,-0.130520992984534,1.47929236983012,-0.0578685200300494
"77",0.921496339540029,1.47053881602557,1.53067980795493,0.0449869922578635,-0.558142694155954,-0.377027864259485,-0.415192815097904,-0.283055902873465,0.180538532359635,-0.357456862769271,-0.466883259406791,-0.492445229180113,-0.428313822544002,-0.418575330880338,-0.322080431944343,-0.454052793784276,-0.458103938383494,-0.454297009133022,-0.471139434512664,-0.292149718084155,-0.334970679680634,-0.368546528864499,-0.508571470699994
"78",1.22866178605337,-0.155268532687289,-0.241582339721061,0.011587559873152,-0.770406520096234,-0.544193816734406,-0.617226206084186,-0.462256476442663,-0.53691998482285,-0.534548925934764,-0.542473880881658,-0.572531703948053,-0.498585708466735,0.562544373628394,0.231482527325608,-0.416106356643085,1.15682857551672,2.60387089469372,-0.304151739510025,-0.186173217333108,-0.299881677089008,-0.419538785257874,-0.153270786428834
"79",0.409553928684457,-0.386953227177515,-0.436803424928308,-0.290450658384983,1.49929114422519,-0.45947568635416,-0.556579098265062,-0.441321245315518,-0.516063987764852,-0.526375982996919,0.467835883682216,1.07514081246364,0.300458805769308,-0.443116553550985,-0.319617886756311,-0.451802077833577,-0.444539236448954,-0.4418911044437,-0.468746334916219,-0.310198541161373,-0.37234773218993,-0.34796654484812,-0.470455587917973
"80",-1.60408622068079,-0.520072588761605,-0.495888183741283,-0.298974485531201,-0.771339635285093,-0.547819409943428,-0.631414227421625,-0.460779639753235,-0.537801227010063,-0.521429960270135,-0.676895748695962,-0.570850831243511,-0.498848598017699,0.0559936413621716,0.687684901855823,0.117868116113952,-0.336878197344274,-0.0545855150857081,-0.181416692317197,-0.208081788496469,-0.0682157964433615,-0.423194172408025,1.96111341865642
"81",-1.50169773850968,-0.162932549164858,-0.260507109542158,-0.251247631522746,-0.672591494506193,-0.375168276299645,-0.314571502216534,0.537895045801096,-0.441309373537589,0.0701677979220954,-0.665460899791002,-0.534850383327691,-0.32827181522401,-0.422534561629467,-0.278206645123569,-0.194023198930079,-0.388623086698398,-0.30632886607277,1.67581872827475,-0.313702560452234,-0.0554817209901031,-0.0734293976853442,-0.490976894948421
"82",-0.0682589881140762,-0.331052475894064,-0.192176159559969,-0.278951635487044,-0.727187285909656,-0.519598047777379,-0.605059330317884,-0.407312778673348,-0.520078283910529,-0.38327566438156,-0.63854653050247,-0.547053218355654,-0.469128073501475,-0.393224482821835,-0.135417930108982,0.0992438032932898,1.20499235517389,2.34622817581302,0.831519362290585,-0.288820226124147,-0.319577440597217,-0.437774075169058,-0.475556392028121
"83",-0.853237351425953,1.96139206077768,1.69082886363518,0.228105216994514,-0.657523145004427,-0.503814448075715,-0.589405640679398,-0.431353421410332,-0.43263989221681,-0.432171467678134,-0.675092298758671,-0.560247498187516,-0.480250714458279,-0.418719196204887,-0.301772713517974,-0.442430761793247,-0.444185421025358,-0.417187613019628,-0.439683398982012,-0.315654947186894,-0.365449654088455,-0.331122227744963,-0.467652435390248
"84",-0.784978363311877,-0.493914953295923,-0.467634289845634,-0.293082771002429,-0.751336850843183,-0.523765895304992,-0.609913051326808,-0.447787850580835,-0.307134926806374,-0.514013373148248,-0.57649588419624,-0.561448444292557,-0.487569426528357,1.10289804233548,0.505014321128733,-0.419169686386026,0.516727585909427,1.48783878507191,-0.237834986529841,-0.195979772660095,-0.160586590227442,-0.415804357697446,0.43304235839533
"85",1.09214380982522,-0.514731633327445,-0.494689861244496,-0.298174360454886,-0.150215733505053,-0.484186084805937,0.577371907982242,-0.0982922512546241,-0.538759072320054,0.1095638525525,-0.0442764255603186,-0.0239809702586193,0.346781823960897,-0.169982766966405,-0.192019427628841,-0.434216956892013,0.095954942940698,-0.254735816772587,-0.309613913125658,-0.232354823783885,-0.234666709833283,-0.333623093008545,-0.481791418957944
"86",1.19453229199633,0.688159635270958,0.644226838790582,-0.291688732858128,-0.104014557809593,0.493185360567042,0.181930825202429,-0.423194134402422,-0.499864567685379,-0.246312295539675,-0.49222667661458,-0.330436523163916,-0.463017345895073,-0.27013692606235,-0.320269968937048,-0.440853692103693,-0.431897888932661,-0.443836574397557,-0.451740084857186,-0.269792794064695,-0.350090357438156,-0.0817177675493403,-0.287313583586121
"87",-0.682589881140762,-0.521033636628449,-0.496112964799592,-0.298884859873045,0.577679697860912,-0.424824495491379,-0.359855233440133,-0.457316574347064,-0.538813778250573,-0.534186788751417,0.226693435593007,0.732634096063418,1.08721216145396,-0.458858238012463,-0.325875074863175,-0.455200645670146,-0.45594688366345,-0.461949884227516,-0.475153313831444,-0.303624799614105,-0.33945700317015,-0.444137995259972,-0.511276554232221
"88",1.70647470285191,-0.52163936863982,-0.496401007130698,-0.299289264233838,0.117826815852307,0.563675604247102,0.12806349613402,-0.196952250630454,1.31270776010548,-0.101161127829826,-0.395087677675231,0.316485932019341,-0.240436288734955,-0.453493471504786,-0.325316600169614,-0.453536653077793,-0.454107777937162,-0.460887967467029,-0.472915535948788,-0.323562801103173,-0.37905660419931,-0.409557622999989,-0.502323314867624
"89",-1.56995672662375,-0.490278753471461,-0.469480731672716,-0.280583453792448,0.381298451188737,1.31528379630603,0.785403865883384,-0.172839098029623,0.258440417383512,0.144267748256273,-0.130232289605301,-0.433687002403475,-0.425456203318147,-0.440802603721354,-0.312104026329332,-0.447870049447349,-0.448179050917115,-0.432912621463712,-0.462785731393535,-0.31733782587524,-0.376716286778828,-0.380317769197076,-0.484827445617735
"90",-0.54607190491261,-0.422084994157192,-0.413960595811638,-0.274474085971482,-0.720972333862337,-0.440171338018285,-0.546108656543255,-0.3263414274284,-0.496511537538631,-0.454069951903856,-0.617703150031714,-0.522663668034022,-0.473007181995693,-0.00204719210067344,-0.284298576940465,0.0136752486512992,-0.335306763809959,-0.402678036943945,-0.429930250066567,-0.268527003781815,-0.343565481203358,3.47580691013542,-0.288498691132674
"91",0.989755327654105,-0.503786808892468,-0.481649731325292,-0.291533950594584,-0.768397750868611,-0.548190156330427,-0.625224002762837,-0.451698099791544,-0.533042200455156,-0.510372135968906,-0.67921027231768,-0.57470601541243,-0.493307375435596,-0.135468205863676,1.90441025139164,-0.232978806406889,0.0368939822734897,1.61447326290131,0.559789429997223,-0.105367037464533,-0.219777753572826,-0.443722735243819,-0.504302838795134
"92",1.39930925633856,-0.241619306632383,-0.375247413001998,-0.18115135766537,-0.146773440410891,0.143182626954617,0.0502974671855938,-0.182551353608806,0.0580233553366651,0.909152389618495,-0.0606307240624576,-0.202949013952377,-0.278411607350825,-0.423765485082333,-0.287689914871854,-0.441547999435834,-0.432436204175836,-0.406450613720126,-0.447054371312104,-0.22442920130739,-0.304190616912799,-0.347100979100213,-0.444728737209952
"93",-0.921496339540029,-0.218109477472187,-0.203499522627451,-0.186190270986568,-0.718993061389646,-0.520349509673832,-0.587299914817063,-0.406533361018946,-0.509940242547488,-0.453369227972828,-0.658498167944875,-0.557471614208556,-0.470615344470429,-0.387326986953787,-0.0749806046269337,1.27264180714883,-0.258875800670011,0.115363801519513,0.53064154483762,-0.305248490349604,-0.315171797222063,-0.405088462655182,-0.465189520780882
"94",1.26279128011041,-0.48533867057572,-0.453472255347454,-0.272797878464928,-0.74662497762366,-0.519766550060726,-0.613067139047852,-0.438381595436745,-0.513757109452397,-0.514089979164718,-0.177326092304426,-0.382587440506798,-0.468291811722153,2.36868130515465,-0.297678514224627,-0.422491494204128,-0.424978545452869,-0.419406889425096,-0.450046549862673,-0.108246032536121,-0.22038646499195,-0.364082586748451,1.07155021766206
"95",-0.580201398969648,-0.52229630508871,-0.495482516999358,-0.299902089878744,-0.771743603178222,-0.547594413242052,-0.632376786014978,-0.423972542231134,-0.539568690121859,-0.496685429215447,-0.718133813460348,-0.586645426525464,-0.498220311853016,-0.459986586047108,-0.326487877532054,2.26919385387655,-0.36507710336778,-0.461739248668801,0.847630016661913,-0.326724171849109,-0.362710187219938,-0.45190921700137,-0.512878185623695
"96",-1.12627330388226,-0.518153379172586,-0.481898220877875,-0.286905117037663,-0.571122022964589,-0.501234468023805,-0.517028022269718,-0.446439913503551,-0.530725085310931,-0.516509957765587,-0.201759160637705,0.422271063158358,0.184961874169675,0.0925096318413057,-0.176011043575106,-0.428786812893809,0.0904933825763663,-0.446169215529005,-0.473046013189412,-0.166030861042044,-0.203651942409807,0.125035272805879,0.231309041046089
"97",1.4334387503956,-0.522594123305565,-0.454175945336422,-0.299714942801115,-0.769986463518617,-0.544455314007414,-0.630134175299371,-0.46078771614996,-0.537768638235022,-0.534921052340799,-0.703023186825641,-0.586317836412429,-0.499447672736696,-0.0358193897818878,0.683373057915437,0.0580036869494008,1.41726856391779,0.878074277665273,0.470796909536734,-0.261437588253911,-0.311323208933517,-0.449287829379714,-0.256444056726895
"98",0.682589881140762,-0.371228420959456,-0.390395858755432,-0.278653276488438,-0.75320835774658,-0.5378011716698,-0.60278587385041,-0.42881717515723,-0.521959694245783,-0.471605214626694,-0.66675544399163,-0.569962349130525,-0.488218509754841,-0.438815339570323,-0.275478634517842,-0.403698596636755,-0.393711459179866,5.36757845134044,0.323672689987997,-0.285162474124349,0.0920325171678755,-0.396139945148343,-0.461428235097614
"99",0.54607190491261,-0.0922593201170705,0.157060466563816,-0.15817504167378,-0.600454079028161,-0.327393224124813,-0.541903300146742,-0.401020880010572,-0.0389586585113966,-0.503644321971436,-0.579981410066413,-0.352794015441413,-0.436573974087633,-0.196811048466949,-0.29495177639643,-0.451770265625137,-0.217392293456077,-0.272330050745187,-0.454985376275703,-0.176596790740881,-0.28046359365201,1.06946946369053,0.0688538800585059
"100",1.46756824445264,-0.210380688475175,-0.249709839311706,-0.241761795116798,0.132582559033535,-0.0207925013317195,0.284258612206478,-0.110244013903274,0.243854458114713,0.520259698129241,-0.318609157878673,-0.400104583173877,-0.405160211576022,-0.396359161417449,-0.290362749017195,-0.439309174380828,-0.426701772008892,-0.393906940585334,-0.434089165020616,-0.2843401852423,-0.356377586106862,-0.348888515539075,-0.407663666193566
"101",1.67234520879487,-0.511120035367543,-0.481511705107705,-0.294124169513219,-0.651984400849896,-0.402023075697571,-0.610641834128999,-0.462667323440804,-0.496450720786441,-0.517216468320467,-0.485343194140888,-0.474840852573904,-0.481017368811708,0.375018971950209,-0.226714291303464,-0.456118820915958,-0.461859491498845,-0.46556454062587,-0.476894882739018,-0.277946086365271,-0.382495224048347,-0.451847644282533,2.83003617278376
